0.523596 1.047184 -2.094382 0.523596 1.047184 -2.094382 0.523596 1.047184 -2.094382 0.523596 1.047184 -2.094382
0.523414 1.045992 -2.093392 0.523778 1.046781 -2.094575 0.523414 1.045992 -2.093392 0.523778 1.046781 -2.094575
0.522878 1.042486 -2.090472 0.524316 1.045589 -2.095140 0.522878 1.042486 -2.090472 0.524316 1.045589 -2.095140
0.522005 1.036773 -2.085703 0.525196 1.043629 -2.096050 0.522005 1.036773 -2.085703 0.525196 1.043629 -2.096050
0.520813 1.028966 -2.079159 0.526406 1.040914 -2.097271 0.520813 1.028966 -2.079159 0.526406 1.040914 -2.097271
0.519320 1.019185 -2.070917 0.527936 1.037449 -2.098766 0.519320 1.019185 -2.070917 0.527936 1.037449 -2.098766
0.517546 1.007549 -2.061050 0.529776 1.033239 -2.100491 0.517546 1.007549 -2.061050 0.529776 1.033239 -2.100491
0.515509 0.994183 -2.049632 0.531916 1.028280 -2.102401 0.515509 0.994183 -2.049632 0.531916 1.028280 -2.102401
0.513231 0.979208 -2.036733 0.534347 1.022570 -2.104445 0.513231 0.979208 -2.036733 0.534347 1.022570 -2.104445
0.510731 0.962749 -2.022424 0.537061 1.016103 -2.106574 0.510731 0.962749 -2.022424 0.537061 1.016103 -2.106574
0.508029 0.944925 -2.006772 0.540050 1.008872 -2.108736 0.508029 0.944925 -2.006772 0.540050 1.008872 -2.108736
0.505145 0.925856 -1.989845 0.543306 1.000871 -2.110877 0.505145 0.925856 -1.989845 0.543306 1.000871 -2.110877
0.502100 0.905655 -1.971709 0.546821 0.992095 -2.112947 0.502100 0.905655 -1.971709 0.546821 0.992095 -2.112947
0.498912 0.884433 -1.952429 0.550587 0.982541 -2.114894 0.498912 0.884433 -1.952429 0.550587 0.982541 -2.114894
0.495601 0.862298 -1.932067 0.554597 0.972210 -2.116669 0.495601 0.862298 -1.932067 0.554597 0.972210 -2.116669
0.492185 0.839351 -1.910687 0.558841 0.961105 -2.118225 0.492185 0.839351 -1.910687 0.558841 0.961105 -2.118225
0.488681 0.815688 -1.888351 0.563313 0.949234 -2.119519 0.488681 0.815688 -1.888351 0.563313 0.949234 -2.119519
0.485107 0.791403 -1.865119 0.568002 0.936609 -2.120509 0.485107 0.791403 -1.865119 0.568002 0.936609 -2.120509
0.481480 0.766584 -1.841052 0.572901 0.923249 -2.121161 0.481480 0.766584 -1.841052 0.572901 0.923249 -2.121161
0.477815 0.741312 -1.816211 0.577998 0.909177 -2.121441 0.477815 0.741312 -1.816211 0.577998 0.909177 -2.121441
0.474127 0.715669 -1.790657 0.583284 0.894425 -2.121324 0.474127 0.715669 -1.790657 0.583284 0.894425 -2.121324
0.470431 0.689727 -1.764450 0.588746 0.879027 -2.120786 0.470431 0.689727 -1.764450 0.588746 0.879027 -2.120786
0.466740 0.663561 -1.737654 0.594374 0.863028 -2.119814 0.466740 0.663561 -1.737654 0.594374 0.863028 -2.119814
0.463066 0.637237 -1.710330 0.600154 0.846476 -2.118395 0.463066 0.637237 -1.710330 0.600154 0.846476 -2.118395
0.459423 0.610822 -1.682544 0.606071 0.829427 -2.116527 0.459423 0.610822 -1.682544 0.606071 0.829427 -2.116527
0.455821 0.584381 -1.654362 0.612111 0.811942 -2.114210 0.455821 0.584381 -1.654362 0.612111 0.811942 -2.114210
0.452272 0.557975 -1.625852 0.618256 0.794090 -2.111454 0.452272 0.557975 -1.625852 0.618256 0.794090 -2.111454
0.448785 0.531667 -1.597087 0.624489 0.775941 -2.108270 0.448785 0.531667 -1.597087 0.624489 0.775941 -2.108270
0.445369 0.505518 -1.568141 0.630791 0.757575 -2.104680 0.445369 0.505518 -1.568141 0.630791 0.757575 -2.104680
0.442034 0.479589 -1.539092 0.637140 0.739071 -2.100708 0.442034 0.479589 -1.539092 0.637140 0.739071 -2.100708
0.438788 0.453943 -1.510025 0.643516 0.720514 -2.096385 0.438788 0.453943 -1.510025 0.643516 0.720514 -2.096385
0.435639 0.428645 -1.481026 0.649893 0.701992 -2.091747 0.435639 0.428645 -1.481026 0.649893 0.701992 -2.091747
0.432594 0.403759 -1.452190 0.656248 0.683596 -2.086834 0.432594 0.403759 -1.452190 0.656248 0.683596 -2.086834
0.429660 0.379356 -1.423617 0.662552 0.665416 -2.081690 0.429660 0.379356 -1.423617 0.662552 0.665416 -2.081690
0.426845 0.355508 -1.395413 0.668779 0.647545 -2.076366 0.426845 0.355508 -1.395413 0.668779 0.647545 -2.076366
0.424154 0.332290 -1.367692 0.674897 0.630077 -2.070912 0.424154 0.332290 -1.367692 0.674897 0.630077 -2.070912
0.421594 0.309785 -1.340578 0.680876 0.613105 -2.065383 0.421594 0.309785 -1.340578 0.680876 0.613105 -2.065383
0.419170 0.288078 -1.314201 0.686684 0.596720 -2.059838 0.419170 0.288078 -1.314201 0.686684 0.596720 -2.059838
0.416889 0.267261 -1.288700 0.692286 0.581017 -2.054335 0.416889 0.267261 -1.288700 0.692286 0.581017 -2.054335
0.414755 0.247432 -1.264226 0.697648 0.566086 -2.048935 0.414755 0.247432 -1.264226 0.697648 0.566086 -2.048935
0.412775 0.228694 -1.240937 0.702733 0.552016 -2.043701 0.412775 0.228694 -1.240937 0.702733 0.552016 -2.043701
0.410954 0.211157 -1.219000 0.707506 0.538896 -2.038695 0.410954 0.211157 -1.219000 0.707506 0.538896 -2.038695
0.409298 0.194938 -1.198589 0.711930 0.526814 -2.033978 0.409298 0.194938 -1.198589 0.711930 0.526814 -2.033978
0.407812 0.180156 -1.179889 0.715966 0.515854 -2.029613 0.407812 0.180156 -1.179889 0.715966 0.515854 -2.029613
0.406503 0.166937 -1.163085 0.719578 0.506100 -2.025659 0.406503 0.166937 -1.163085 0.719578 0.506100 -2.025659
0.405376 0.155408 -1.148370 0.722728 0.497634 -2.022175 0.405376 0.155408 -1.148370 0.722728 0.497634 -2.022175
0.404438 0.145698 -1.135935 0.725381 0.490536 -2.019218 0.404438 0.145698 -1.135935 0.725381 0.490536 -2.019218
0.403695 0.137937 -1.125966 0.727501 0.484884 -2.016839 0.403695 0.137937 -1.125966 0.727501 0.484884 -2.016839
0.403155 0.132250 -1.118645 0.729053 0.480756 -2.015087 0.403155 0.132250 -1.118645 0.729053 0.480756 -2.015087
0.402825 0.128756 -1.114141 0.730007 0.478226 -2.014008 0.402825 0.128756 -1.114141 0.730007 0.478226 -2.014008
