0.93736910820007 1.4154117107391 0.17666508257389
1.4896181821823 3.8152389526367 0.47292929887772
3.4480640888214 0.65450072288513 0.056124467402697
-2.6515214443207 -3.0083839893341 -0.26733350753784
-1.5886996984482 2.9833488464355 0.36842155456543
4.762903213501 3.3769993782043 0.4609540104866
-1.3651458024979 -1.4574728012085 -0.028882384300232
-0.13612711429596 3.0976119041443 0.41330453753471
1.0319302082062 4.4936332702637 0.46698597073555
2.7121555805206 -2.1152789592743 -0.097122617065907
-4.1931166648865 -4.2079410552979 -0.48770767450333
-2.279839515686 -2.6113293170929 -0.13451904058456
-4.1470818519592 3.8340692520142 0.48096284270287
-4.2572102546692 -3.3552331924438 -0.28592082858086
-3.8862516880035 4.1115741729736 0.48520165681839
2.9657206535339 0.50201553106308 0.016355693340302
-4.0226817131042 -0.087360136210918 0.010415434837341
0.45569053292274 -1.2687326669693 -0.015499889850616
0.48635339736938 -3.4056768417358 -0.26643267273903
1.3016711473465 2.0316624641418 0.25390625
3.2422382831573 3.9853229522705 0.46223521232605
-1.0539208650589 4.7924933433533 0.46573770046234
-3.3333623409271 -3.4219853878021 -0.2876923084259
4.0760540962219 3.6204810142517 0.47904825210571
0.23009158670902 3.812447309494 0.46329164505005
-0.59129905700684 -2.1450731754303 -0.077306687831879
-4.7435898780823 1.2690442800522 0.16694955527782
2.527925491333 -3.0801763534546 -0.25430506467819
-0.19913354516029 -3.2015044689178 -0.24022150039673
-2.5153772830963 0.26808944344521 0.057321704924107
-0.18454958498478 3.7421085834503 0.47083479166031
-1.5848699808121 -0.66063112020493 0.019829928874969
-3.8905439376831 -3.7443099021912 -0.41994217038155
1.7659393548965 3.8467085361481 0.46376377344131
-2.9657745361328 0.1292719244957 0.047232359647751
1.7546366453171 0.011239871382713 0.01606673002243
-4.3416614532471 0.92563980817795 0.090565979480743
-4.8939538002014 3.0682156085968 0.3909375667572
3.7304313182831 -2.4180288314819 -0.11484560370445
4.5744376182556 -2.1073698997498 -0.07497800886631
-1.1841546297073 4.177966594696 0.47346073389053
-4.8441491127014 -1.3525074720383 -0.042673200368881
-1.5035978555679 -0.95366096496582 0.019445806741714
-2.6105406284332 3.6521384716034 0.45786461234093
-3.2265276908875 -3.4917092323303 -0.30061188340187
3.0110399723053 4.8538198471069 0.47064891457558
-1.9942551851273 2.4470810890198 0.28335657715797
4.7246680259705 -4.2799100875854 -0.46978688240051
4.766152381897 -4.490077495575 -0.47222420573235
4.1830382347107 -2.5854723453522 -0.15965799987316
1.9749131202698 0.81168895959854 0.074151210486889
-2.0397758483887 -3.7941732406616 -0.39505702257156
1.350648522377 3.7617704868317 0.47313725948334
-3.2501330375671 -3.3096961975098 -0.26824346184731
-4.3746428489685 -2.7030856609344 -0.17125263810158
1.1793891191483 2.1572082042694 0.25400564074516
-2.202663898468 2.3889267444611 0.28372514247894
-3.964527130127 2.6713104248047 0.27653381228447
-2.4648826122284 -0.99711942672729 -0.00087177753448486
0.89743608236313 3.9009711742401 0.4642915725708
2.0736122131348 0.49629330635071 0.026779472827911
-2.4838838577271 2.0371992588043 0.27734377980232
-3.990003824234 0.34724619984627 0.049802094697952
4.2701258659363 -4.3248801231384 -0.48895505070686
4.4643473625183 -4.0955405235291 -0.47404766082764
-2.0713028907776 -1.7201837301254 -0.087362818419933
-0.49373281002045 -2.7257506847382 -0.16260550916195
-4.3612470626831 1.8823745250702 0.28193932771683
-0.062355384230614 -0.61988300085068 0.011037647724152
-3.8968243598938 -4.1651763916016 -0.4851923584938
1.7012548446655 -3.0943489074707 -0.234375
4.7975716590881 1.0666705369949 0.10597932338715
-4.4974870681763 -1.3429675102234 -0.025690317153931
3.7883269786835 1.9230769872665 0.27627158164978
4.3946633338928 4.5104823112488 0.47764986753464
2.8865683078766 -3.4705574512482 -0.31471312046051
1.0920547246933 2.4863421916962 0.27508357167244
4.1956467628479 2.9701657295227 0.35612308979034
-2.5123817920685 0.014208268374205 0.030972868204117
3.2039546966553 -0.6787069439888 0.030586525797844
-2.2050909996033 4.2328858375549 0.45738905668259
-4.6610512733459 -2.3043277263641 -0.094086885452271
-2.7259998321533 1.3570708036423 0.17342877388
-4.1252131462097 0.042089208960533 0.017893642187119
-1.6690067052841 -3.5514986515045 -0.30612388253212
-3.8590292930603 -2.1218631267548 -0.087302193045616
0.33851039409637 3.912544965744 0.46616417169571
-4.0909905433655 -3.4615387916565 -0.31285265088081
2.8692684173584 3.8536357879639 0.44730108976364
-2.584481716156 -3.1340165138245 -0.26414084434509
-4.4871797561646 4.5795440673828 0.46484375
-1.1777348518372 4.9178004264832 0.46380597352982
-4.6722693443298 -2.179486989975 -0.080944731831551
-4.3985571861267 -0.38946104049683 0.014492765069008
-1.7746708393097 -1.3323210477829 -0.018761545419693
-1.2383379936218 3.9017417430878 0.47545617818832
3.9442422389984 -1.8746724128723 -0.070511311292648
4.6088676452637 3.5207102298737 0.47125568985939
-0.26888316869736 -1.07071185112 0.0068290829658508
-1.3844481706619 -2.1313893795013 -0.071384809911251
3.6676812171936 -4.1605415344238 -0.49172574281693
-2.8304405212402 2.5878055095673 0.28861236572266
-4.622757434845 2.9487183094025 0.35178712010384
-2.8529930114746 -4.9038486480713 -0.46970030665398
4.4094834327698 -3.8424701690674 -0.43318736553192
-1.0773496627808 -0.10003890097141 0.017219454050064
3.5258843898773 -4.8684988021851 -0.47744238376617
-3.9977869987488 0.56481897830963 0.074261426925659
-2.6373817920685 -0.84306395053864 0.0086492002010345
0.85735923051834 -2.5973715782166 -0.1491669267416
-1.5294845104218 4.0823073387146 0.46946889162064
-0.69925493001938 4.0088806152344 0.48742270469666
0.93560737371445 -1.5435162782669 -0.067757904529572
-2.8376367092133 -1.6341689825058 -0.080986678600311
0.39467552304268 -3.9097638130188 -0.43227615952492
2.78866147995 2.5394291877747 0.28451377153397
-2.4506051540375 -4.7906064987183 -0.48118501901627
4.9396991729736 0.38304835557938 -0.0030353367328644
2.2759826183319 1.1953358650208 0.14208763837814
-1.8563885688782 -4.9152407646179 -0.47038158774376
1.2349718809128 0.70863646268845 0.055931255221367
0.80338042974472 -2.0446100234985 -0.097859531641006
0.3860023021698 -0.043494045734406 0.015646129846573
1.6734411716461 2.2741436958313 0.27076691389084
2.1296064853668 -0.82972645759583 0.013510137796402
4.5877733230591 1.1848232746124 0.13149009644985
-2.0151658058167 1.6853771209717 0.27956205606461
3.9461979866028 0.77984195947647 0.09418523311615
-1.5820034742355 3.3599791526794 0.45430761575699
-0.078683339059353 0.90494865179062 0.085162051022053
0.0035974327474833 4.8271269798279 0.45502337813377
-4.6173377037048 -1.3325570821762 -0.031635299324989
-2.4701066017151 -2.1429393291473 -0.079795360565186
-0.93618249893188 -1.0529402494431 0.014908388257027
1.072855591774 0.41138181090355 0.018061053007841
0.095591187477112 -2.314460515976 -0.098274916410446
-2.1226706504822 0.30294159054756 0.054721102118492
-1.7751398086548 -1.1356250047684 0.0058493912220001
4.1424469947815 -4.8353219032288 -0.48432302474976
-3.4142081737518 -4.526731967926 -0.47866109013557
4.9585781097412 2.5997762680054 0.25063109397888
-4.6131615638733 -2.2634861469269 -0.089001968502998
-4.9766421318054 1.7175775766373 0.26746809482574
-0.59048271179199 2.6923079490662 0.26639497280121
-0.69534510374069 -2.5824882984161 -0.12501510977745
3.3805932998657 2.7287154197693 0.29925280809402
-3.1338582038879 -3.7515156269073 -0.39603346586227
1.1134074926376 -0.54921066761017 0.0079358518123627
-2.6063623428345 -3.4843609333038 -0.31646555662155
0.14942687749863 2.5772428512573 0.28843343257904
-1.6885869503021 2.4358975887299 0.28125
0.52084118127823 -1.3484048843384 -0.026973821222782
-4.0471305847168 -1.9136379957199 -0.07967022061348
-2.0148255825043 3.9895076751709 0.45819815993309
-2.3613345623016 -3.8982150554657 -0.44344484806061
-1.0849725008011 -2.7591655254364 -0.16023716330528
4.4515600204468 -4.8958344459534 -0.47300916910172
1.0171791315079 -1.9096817970276 -0.10074625909328
-0.83702611923218 4.0753440856934 0.47707596421242
4.6804027557373 2.4131965637207 0.26077517867088
1.5232101678848 0.21300739049911 0.017810434103012
-4.6965293884277 2.6146824359894 0.29085490107536
4.354434967041 -0.57320594787598 0.035017915070057
3.4420983791351 -1.1754139661789 0.024812340736389
2.2111384868622 -3.3527100086212 -0.27109599113464
0.2904070019722 -2.179486989975 -0.090879581868649
0.049536935985088 -4.3618192672729 -0.4790461063385
4.0551500320435 0.067465335130692 0.041127063333988
4.0632538795471 -1.7555606365204 -0.036979973316193
-4.1206617355347 -3.4615387916565 -0.31194859743118
2.2477896213531 4.9405961036682 0.46617066860199
1.3680093288422 -4.073422908783 -0.4678620994091
0.066983871161938 -1.9195154905319 -0.091721892356873
4.7134275436401 -3.7718911170959 -0.39872604608536
-3.2673478126526 4.0218949317932 0.4628332555294
4.559015750885 -1.829256772995 -0.052113339304924
-3.3018116950989 -2.233558177948 -0.10342244803905
4.3512907028198 3.1691439151764 0.42200136184692
-4.05894947052 1.8476883172989 0.27849227190018
3.8556463718414 -2.1804711818695 -0.086635828018188
4.900363445282 1.2787212133408 0.16211733222008
3.1815557479858 1.3783006668091 0.19484893977642
-4.1968412399292 2.058748960495 0.27941066026688
-0.26380133628845 3.8655350208282 0.47494721412659
3.1320624351501 2.2117004394531 0.27579540014267
-2.6542556285858 4.6075553894043 0.46551823616028
-0.9574231505394 -2.0279920101166 -0.0703125
0.77747792005539 2.203631401062 0.26756903529167
1.5298758745193 1.7116675376892 0.25797489285469
3.5035531520844 0.15877667069435 0.018010910600424
-2.1019232273102 1.1060625314713 0.129164904356
-1.3577362298965 0.67299234867096 0.079401761293411
3.3338615894318 0.77267277240753 0.068907767534256
-3.8392660617828 -2.0625686645508 -0.08820541203022
-4.3868041038513 1.0287939310074 0.11079928278923
2.2919580936432 -3.8178405761719 -0.40933004021645
-0.23502999544144 -0.76408714056015 0.016848355531693
-3.009379863739 1.1955310106277 0.12975203990936
4.7216124534607 -4.3156542778015 -0.47037798166275
2.8894855976105 -3.4615387916565 -0.31159761548042
4.0617980957031 3.3005614280701 0.4530371427536
2.132096529007 -1.6404470205307 -0.088711142539978
0.69473105669022 3.5653653144836 0.47112911939621
3.612850189209 0.74119448661804 0.079168051481247
0.011896407231688 -2.0281434059143 -0.087004952132702
-1.4673092365265 -4.173716545105 -0.45095708966255
1.1988114118576 -2.7883446216583 -0.19723002612591
-1.4336853027344 0.5491424202919 0.060577794909477
4.0999126434326 -2.9351634979248 -0.26320126652718
3.1611001491547 -4.5548958778381 -0.47009149193764
-4.7533192634583 -3.3389663696289 -0.29274749755859
1.2442419528961 1.3704074621201 0.16293184459209
2.5514550209045 0.037645272910595 -0.018536984920502
2.1794872283936 -4.465051651001 -0.42746677994728
-1.5057184696198 -4.684338092804 -0.47510820627213
-0.54193121194839 -0.25199517607689 0.028096228837967
-2.2111656665802 -0.89743572473526 0.01856604218483
4.7435903549194 1.8287190198898 0.26418751478195
2.9021801948547 -1.2060869932175 0.014307752251625
1.3906455039978 3.1098549365997 0.41643327474594
2.1148979663849 0.14548262953758 -0.0052884519100189
3.081045627594 4.4741463661194 0.47029581665993
-3.9743595123291 2.4752042293549 0.26742142438889
-1.7796099185944 -1.5190325975418 -0.050670638680458
0.49246436357498 -4.8183107376099 -0.46961477398872
-0.059802565723658 -3.462886095047 -0.29131561517715
-1.2111194133759 -1.2253341674805 -2.7567148208618e-05
-1.4629367589951 3.7070360183716 0.46858376264572
-2.0716812610626 1.501843214035 0.23127742111683
-0.59788870811462 -3.2051284313202 -0.25259193778038
-4.1606674194336 2.6010830402374 0.28484943509102
1.8603076934814 3.772641658783 0.46201682090759
-3.9018158912659 0.32836824655533 0.048689246177673
-0.47229117155075 4.13618516922 0.47533205151558
-0.17669074237347 2.248863697052 0.27238059043884
-4.8215532302856 4.7644109725952 0.46906718611717
-2.9341170787811 0.42270451784134 0.07732230424881
-2.0613899230957 -2.7180726528168 -0.15488114953041
-0.017917947843671 3.7096881866455 0.46706989407539
-4.2941126823425 3.8291327953339 0.47926756739616
-0.61737406253815 1.6218696832657 0.28608930110931
-2.1402070522308 1.5841312408447 0.2540520131588
-0.45284694433212 1.1787641048431 0.15240369737148
2.4241538047791 0.2662039399147 -0.0146704018116
-3.7428476810455 -0.52779161930084 0.018185406923294
2.1189231872559 0.51807194948196 0.02697766199708
-3.6165256500244 2.3383462429047 0.26804509758949
3.787127494812 2.1373772621155 0.27587750554085
1.3257528543472 1.8767969608307 0.25191384553909
-1.2123359441757 3.6979067325592 0.47145986557007
0.87157249450684 0.55745559930801 0.034234680235386
-1.0309075117111 2.1754393577576 0.26971626281738
4.3418335914612 1.3596822023392 0.18716537952423
4.3991007804871 4.6125302314758 0.4772173166275
-0.16509537398815 3.8428440093994 0.47043603658676
2.4163093566895 1.1441469192505 0.12713599205017
2.4663846492767 1.3075062036514 0.16823735833168
3.3262701034546 3.259325504303 0.44595074653625
1.8190488815308 3.9403059482574 0.46071961522102
2.1144452095032 0.42654606699944 0.011981010437012
3.3792452812195 4.4640831947327 0.47355803847313
-4.0852522850037 1.6666667461395 0.28125
-4.8649024963379 -0.63266843557358 0.015287667512894
-4.2307696342468 0.39780196547508 0.059999950230122
-0.4532542526722 4.713659286499 0.45585185289383
4.9559307098389 -3.2788968086243 -0.27398380637169
1.7623524665833 0.17241567373276 0.01484078168869
-3.9863691329956 4.3416666984558 0.48284694552422
3.8378267288208 -2.121654510498 -0.083667978644371
1.3412096500397 -4.2547135353088 -0.47265625
3.9508047103882 4.7709164619446 0.46260267496109
-1.8185604810715 -4.323305606842 -0.4653491973877
4.7665619850159 4.017391204834 0.47651812434196
-3.3410065174103 2.9093949794769 0.33453023433685
-4.2899103164673 3.2295529842377 0.41463249921799
-0.92370200157166 -2.0520157814026 -0.070312470197678
2.497754573822 3.8403234481812 0.44064155220985
-0.37508228421211 -4.8087992668152 -0.47379487752914
1.7309401035309 -0.41188541054726 0.016604155302048
-1.8248678445816 -1.6664243936539 -0.078994691371918
1.8940263986588 1.9230769872665 0.25869762897491
4.5689654350281 2.8669328689575 0.31243288516998
0.53311192989349 4.0822734832764 0.45929348468781
2.1135056018829 -2.6588473320007 -0.14660769701004
3.2836396694183 3.4207384586334 0.46382451057434
4.3100433349609 -1.8272771835327 -0.050572663545609
4.4955925941467 4.8426752090454 0.47505301237106
3.1454744338989 -1.2853730916977 0.0085188746452332
-2.5251805782318 -4.1414866447449 -0.48200318217278
-3.4433357715607 -1.2977452278137 -0.0090439831838012
-1.1387137174606 -4.9685969352722 -0.48022082448006
3.2443516254425 -2.4091768264771 -0.11213831603527
0.96395474672318 -3.8872923851013 -0.42746415734291
-0.44779568910599 4.7702851295471 0.45510625839233
-2.1502845287323 4.0068302154541 0.45999792218208
-4.8578753471375 -0.79460495710373 0.012686729431152
0.96775621175766 2.9763445854187 0.36813318729401
4.9570865631104 -2.997421503067 -0.25475281476974
-0.5120644569397 -4.1033205986023 -0.46297124028206
4.3796143531799 -2.5847415924072 -0.15800333023071
-0.48713013529778 3.023585319519 0.36714974045753
0.051179021596909 1.3477365970612 0.18369008600712
4.5261073112488 1.1480656862259 0.12335017323494
1.8022516965866 4.9871001243591 0.46012312173843
1.9485371112823 -4.770968914032 -0.42002508044243
-2.1149139404297 3.3564641475677 0.46403548121452
2.3707098960876 -3.2166750431061 -0.25321379303932
-1.0190259218216 -0.49964120984077 0.021283596754074
1.9418281316757 4.8425531387329 0.4504067003727
4.3567008972168 -0.21323822438717 0.030765611678362
1.0006915330887 -3.3533599376678 -0.26154857873917
-2.7797999382019 0.10052990913391 0.044766992330551
-2.9502696990967 -1.0404267311096 -0.0068910717964172
-4.9589376449585 -0.5791779756546 0.017337918281555
0.7741476893425 4.1675863265991 0.45905935764313
0.53189355134964 2.4600787162781 0.28047984838486
1.6919850111008 0.73150217533112 0.060208454728127
1.6360260248184 -1.9622087478638 -0.090181201696396
3.0627081394196 -3.7585265636444 -0.40973335504532
-2.0935764312744 -3.5594317913055 -0.31888914108276
1.5616204738617 2.6428742408752 0.29070866107941
-0.20535650849342 -2.5682573318481 -0.13369864225388
-1.7291140556335 2.6664879322052 0.29464274644852
1.8987222909927 -2.828115940094 -0.18909230828285
4.3950490951538 -4.6372532844543 -0.48077318072319
-0.10757359862328 3.3053731918335 0.45622599124908
-0.91949397325516 4.0633387565613 0.47571873664856
-0.30107527971268 -0.68048769235611 0.017587065696716
-3.0390684604645 2.6936447620392 0.29189777374268
-4.9638319015503 -0.96287447214127 0.0042943954467773
1.5666452646255 1.4612708091736 0.19293002784252
-1.4503138065338 -0.071228712797165 0.019178718328476
3.0187437534332 0.81675755977631 0.0656718313694
3.6342904567719 -4.8433284759521 -0.48055148124695
2.7386600971222 2.9023661613464 0.33565178513527
4.1374106407166 2.4946002960205 0.27559238672256
2.5923864841461 0.59959602355957 0.027091816067696
-3.4892075061798 4.5894622802734 0.47458282113075
-1.1069083213806 2.1401901245117 0.27132725715637
-1.1222684383392 -3.4615387916565 -0.29002463817596
-4.8408050537109 2.8484246730804 0.32806020975113
-4.6531233787537 -3.3592674732208 -0.29280734062195
2.715930223465 0.97526180744171 0.0899917781353
-2.5213367938995 4.4397649765015 0.4603568315506
-3.274924993515 -0.35712841153145 0.02385625243187
-1.29478764534 0.90215337276459 0.11185273528099
3.4591662883759 -0.37036550045013 0.026656329631805
2.055029630661 -0.55795049667358 0.017521038651466
-3.3465712070465 4.7021489143372 0.47377640008926
-4.3198828697205 -1.3715969324112 -0.0088774263858795
3.8259525299072 2.0054841041565 0.2756983935833
-3.0520811080933 1.3674681186676 0.17494887113571
2.7998280525208 -4.4803338050842 -0.47471135854721
0.43738409876823 -0.27459555864334 0.015002621337771
-0.975694835186 -3.2051284313202 -0.24132484197617
1.51839864254 -2.8180329799652 -0.19934245944023
1.8172138929367 2.293931722641 0.26668778061867
-0.00037467808579095 2.9161303043365 0.35484141111374
0.40994441509247 2.6095535755157 0.2914462685585
1.3044584989548 -2.252952337265 -0.094264447689056
2.8291969299316 -2.3733463287354 -0.10825204849243
4.6768436431885 2.7891464233398 0.28223630785942
1.3496527671814 -1.3114900588989 -0.04265034198761
3.8838984966278 0.57756763696671 0.065701305866241
-1.6464703083038 -3.0940084457397 -0.22286912798882
0.20954561233521 -1.5823483467102 -0.067908585071564
-3.8740472793579 2.6923079490662 0.28040012717247
0.77496528625488 -1.0005645751953 0.00025168061256409
3.440479516983 -4.8221759796143 -0.47472983598709
-4.5580821037292 -0.042600341141224 0.015189349651337
-2.881190776825 2.1160740852356 0.27543231844902
-3.0464224815369 -1.2449866533279 -0.02077891305089
3.1940276622772 -0.094002328813076 0.0099864676594734
4.8724837303162 3.9098615646362 0.47361788153648
0.35345357656479 -2.6923077106476 -0.16749401390553
-3.8078081607819 -2.6923077106476 -0.17167441546917
0.10009301453829 -2.2044060230255 -0.088215261697769
4.5433320999146 1.7311326265335 0.2606320977211
3.4132583141327 0.56441909074783 0.041241839528084
-1.6239780187607 -4.0974130630493 -0.45817923545837
-3.2051284313202 -2.8095517158508 -0.21719640493393
-0.13776357471943 -0.040570113807917 0.02101194858551
-3.7652499675751 0.43191641569138 0.059731688350439
2.8800513744354 4.6840028762817 0.46575000882149
-0.29889208078384 -3.0344412326813 -0.23308062553406
2.5627467632294 -3.803724527359 -0.41346591711044
3.2724895477295 2.4684422016144 0.27545529603958
4.7778854370117 0.9897872209549 0.091624155640602
0.52693599462509 -2.1926515102386 -0.096920914947987
4.2159934043884 3.3320999145508 0.45859009027481
1.8432477712631 -4.9686918258667 -0.43285450339317
3.5366554260254 -1.9339454174042 -0.065119847655296
4.9853925704956 3.9587364196777 0.46943306922913
0.7877699136734 -1.5355730056763 -0.062624804675579
1.9955606460571 4.0539388656616 0.44997343420982
4.7821769714355 -4.0888891220093 -0.46875
-3.9933114051819 -0.25141856074333 0.013732463121414
-1.5041522979736 -3.5573105812073 -0.30944234132767
-4.0138673782349 2.6576282978058 0.2781662940979
0.14454458653927 -1.494522690773 -0.046848848462105
-4.2598533630371 -1.3097161054611 0.0067772716283798
-0.77829962968826 -3.1497628688812 -0.24550622701645
-1.3566895723343 -2.233053445816 -0.075208820402622
-1.9026876688004 -1.4780963659286 -0.046936988830566
4.3776330947876 -1.3908590078354 0.0092900097370148
-1.3743991851807 -0.76417201757431 0.021407306194305
-3.9161117076874 2.0564532279968 0.27061784267426
-2.789669752121 4.0165982246399 0.4466957449913
3.1592490673065 4.8288516998291 0.47576451301575
3.3694367408752 1.0489792823792 0.12095642089844
-3.5536477565765 1.8489584922791 0.26061889529228
1.8971191644669 -1.2937723398209 -0.032447442412376
0.21304954588413 2.4957504272461 0.28319537639618
2.7131366729736 2.5455365180969 0.28594350814819
4.2059946060181 -2.4828803539276 -0.1308258920908
-0.64603781700134 1.2192615270615 0.16645193099976
-2.3571858406067 -0.57571536302567 0.014321148395538
1.2896112203598 -4.3481035232544 -0.47265625
-2.3404624462128 3.12282371521 0.42288765311241
0.23278266191483 -3.3841111660004 -0.26781520247459
4.9198498725891 2.4764716625214 0.25182396173477
-3.2737247943878 1.9986978769302 0.25725531578064
-3.7679388523102 -3.0668995380402 -0.25885134935379
-0.7123915553093 -4.4133434295654 -0.47221365571022
4.0353064537048 -2.1042582988739 -0.08752629160881
3.5414705276489 4.1760754585266 0.46996772289276
4.2840976715088 2.5522449016571 0.27535754442215
-4.5079832077026 4.0748972892761 0.47265625
-4.0565161705017 -3.6541957855225 -0.38699790835381
0.99738764762878 3.6674952507019 0.47570168972015
1.3079755306244 0.078591845929623 0.017973035573959
3.0612154006958 2.471027135849 0.27616515755653
3.7954354286194 2.9143009185791 0.34941276907921
1.0306556224823 1.4123312234879 0.17435227334499
4.5191926956177 -4.983983039856 -0.46875029802322
-0.61742782592773 -3.5817420482635 -0.3244591653347
-3.9387879371643 -4.2966446876526 -0.48244813084602
0.37513908743858 -2.3412735462189 -0.10578483343124
3.8146615028381 -0.017281403765082 0.034723252058029
0.60043340921402 1.5560775995255 0.21549060940742
-0.23975034058094 -2.7889828681946 -0.18496717512608
-3.7842817306519 -3.687917470932 -0.39683333039284
-0.10872893035412 2.6419012546539 0.2889546751976
3.5905451774597 4.8709945678711 0.4765625
-3.8858821392059 -0.0026946123689413 0.0148965716362
0.37030881643295 -1.2706825733185 -0.012459516525269
-3.4313156604767 -3.127053976059 -0.25509566068649
4.0297646522522 -3.7733538150787 -0.42091298103333
-0.13566134870052 -1.2961724996567 -0.0092168748378754
-1.0881247520447 -0.096794866025448 0.017104715108871
-4.0124487876892 -4.7055006027222 -0.45877203345299
-4.2957763671875 2.9305198192596 0.33322012424469
2.5494849681854 -4.734546661377 -0.45814651250839
-0.28373298048973 2.6561937332153 0.27545148134232
-2.7257285118103 4.1361713409424 0.45075753331184
-4.0942921638489 0.80185478925705 0.082654237747192
1.0556614398956 2.5399627685547 0.28053918480873
-0.54444152116776 -4.6904497146606 -0.47671636939049
-2.096245765686 -0.02903145365417 0.024306513369083
2.8441522121429 -0.9737588763237 0.013601720333099
0.1170354411006 0.68598139286041 0.058622345328331
4.4019255638123 0.055704601109028 0.018918871879578
3.4238023757935 -3.5387709140778 -0.33608520030975
0.7414722442627 -3.7668039798737 -0.3763499557972
0.71620398759842 4.386043548584 0.45817655324936
4.6405401229858 -4.5558123588562 -0.47422623634338
-3.3683195114136 -4.9450254440308 -0.46981596946716
1.9574613571167 4.4544105529785 0.43511605262756
-3.3800694942474 -1.3748910427094 -0.023899585008621
1.9399600028992 4.141218662262 0.44634887576103
0.11445038020611 1.8268156051636 0.27364704012871
-3.4567954540253 -3.5971601009369 -0.34609106183052
2.763144493103 -4.8165445327759 -0.47211650013924
3.8918824195862 2.3792240619659 0.27204430103302
-2.0273020267487 2.0978581905365 0.27734375
1.5130319595337 -1.9461765289307 -0.094172924757004
-1.3627016544342 -0.4099508523941 0.0227130651474
1.2290979623795 4.7666015625 0.47380265593529
1.0817195177078 4.0754246711731 0.46891897916794
3.8405947685242 2.8260731697083 0.32387498021126
-2.3647673130035 0.42945408821106 0.070595055818558
0.21722316741943 -3.6677014827728 -0.34839975833893
3.520192861557 -3.4103419780731 -0.30325418710709
-1.7543523311615 -0.65515375137329 0.023538775742054
1.4508821964264 -4.7229261398315 -0.45754951238632
-0.79177647829056 1.8145809173584 0.2894711792469
2.8936908245087 4.9305567741394 0.46875
3.2317271232605 1.4920902252197 0.22637581825256
4.2768597602844 3.7333033084869 0.48320457339287
-0.96802544593811 2.3510549068451 0.26584213972092
2.3703322410583 2.2193050384521 0.27556043863297
4.4871802330017 1.6012856960297 0.24087983369827
3.2051286697388 -4.4938912391663 -0.46875
-4.7273535728455 -3.8052587509155 -0.43293619155884
1.3417609930038 2.1643686294556 0.25917112827301
-3.5594732761383 -4.1093635559082 -0.48622459173203
4.5677809715271 2.9487183094025 0.32879263162613
-1.3871684074402 -1.7487655878067 -0.072110503911972
2.3374934196472 -0.825838804245 0.010402366518974
-0.95121616125107 0.92804908752441 0.11841127276421
1.7624990940094 4.2651677131653 0.4492692053318
3.7935461997986 4.9244041442871 0.47195583581924
-0.72918635606766 -0.25422531366348 0.028497278690338
1.3881186246872 -0.45420438051224 0.0074781179428101
-3.1139302253723 2.6363027095795 0.28789216279984
-2.9045493602753 -0.12342012673616 0.027708262205124
2.1221191883087 3.1236131191254 0.42755249142647
-2.9375479221344 -0.27214223146439 0.020595200359821
-1.1814913749695 -2.5005464553833 -0.10332030057907
-4.8799428939819 2.1181478500366 0.2717981338501
-3.5524482727051 4.5598030090332 0.47407120466232
3.4380748271942 4.1795597076416 0.46839252114296
2.2406985759735 4.4254631996155 0.43844792246819
0.0338812507689 1.4245699644089 0.20745462179184
-3.23490691185 4.1093664169312 0.46184486150742
3.5168595314026 0.044221997261047 0.019838869571686
-0.69116294384003 -1.688600897789 -0.074457377195358
-4.9827547073364 -3.4615387916565 -0.32759955525398
0.65249931812286 -4.4986534118652 -0.4451377093792
-4.4684529304504 1.3603817224503 0.19249880313873
-0.36452782154083 -2.4320833683014 -0.10512015223503
0.34066528081894 -3.16117811203 -0.23504455387592
1.3163875341415 -2.0416097640991 -0.093668907880783
4.2995867729187 2.4709968566895 0.27241015434265
-2.5933287143707 2.5278370380402 0.28976109623909
3.9743597507477 -3.4615387916565 -0.31640625
-0.36815422773361 -2.4358973503113 -0.10546875
-3.1429631710052 3.4275150299072 0.45593345165253
2.3704876899719 3.2420887947083 0.44317507743835
-3.6377637386322 1.3017885684967 0.15349000692368
-2.2353434562683 4.580979347229 0.4590382874012
-4.0250344276428 3.6564128398895 0.47264713048935
4.2496490478516 0.52460938692093 0.047232933342457
-4.0437231063843 0.9090228676796 0.086822494864464
4.1093873977661 4.273895740509 0.47414243221283
3.7617380619049 -1.6225198507309 -0.013472907245159
1.3738459348679 -0.02350945957005 0.018976539373398
-2.1469855308533 0.3127826154232 0.056661315262318
2.4631173610687 2.408677816391 0.28125
0.50161212682724 -1.3696351051331 -0.028359025716782
-0.71652340888977 1.5227552652359 0.25359064340591
3.8174057006836 -3.1003479957581 -0.27256152033806
-2.9487180709839 -4.8189239501953 -0.46645465493202
2.9583747386932 -3.1965851783752 -0.26088693737984
-0.80652457475662 4.210307598114 0.46809911727905
4.9629821777344 3.0658736228943 0.35149723291397
1.9230771064758 0.81469851732254 0.078374773263931
-2.6758999824524 2.5471670627594 0.28997555375099
-0.56603544950485 1.0692225694656 0.13068237900734
4.1141548156738 -3.0809547901154 -0.27379828691483
-4.9277973175049 -1.923076748848 -0.079224959015846
-1.8427996635437 1.2892124652863 0.17935156822205
-3.7687211036682 1.138417840004 0.11928173899651
-2.621509552002 -1.7815257310867 -0.087687313556671
-4.5021357536316 -4.2828049659729 -0.48041132092476
1.2834013700485 -2.3373177051544 -0.10229679942131
-0.41351386904716 1.1254972219467 0.13935707509518
1.9580116271973 1.3376396894455 0.18041214346886
0.36305618286133 4.7070317268372 0.44708323478699
-0.16661910712719 -3.4615387916565 -0.29238352179527
2.5714745521545 -2.8676581382751 -0.22469615936279
3.0860784053802 -3.54682970047 -0.33271527290344
0.90157145261765 -4.5663967132568 -0.4579176902771
0.90412414073944 2.0348043441772 0.25510630011559
-2.9487180709839 4.6914367675781 0.46795547008514
-0.18399956822395 -2.1255609989166 -0.085087448358536
1.2309328317642 -0.25561439990997 0.013683974742889
-1.7144128084183 4.1046452522278 0.46067678928375
-3.5273792743683 2.3096559047699 0.26760804653168
-2.4933905601501 -3.5493454933167 -0.32667016983032
-3.165009021759 1.7316017150879 0.2609626352787
1.8941267728806 -3.069792509079 -0.23113349080086
-0.68189090490341 2.9895837306976 0.31068116426468
3.8702914714813 -3.4306619167328 -0.31076157093048
-0.58019745349884 2.7766280174255 0.27297446131706
2.6641833782196 -4.3776435852051 -0.47718879580498
-4.0310626029968 -4.6868867874146 -0.45962277054787
0.54436600208282 -4.6111555099487 -0.45456391572952
-4.8911018371582 1.7021597623825 0.27114272117615
1.8120750188828 1.0482847690582 0.10336825251579
3.3898787498474 -3.1105048656464 -0.25988519191742
4.2494492530823 1.3968464136124 0.20242005586624
-4.0835418701172 -1.4102562665939 0.0050654523074627
4.111608505249 -2.7068145275116 -0.19032560288906
-1.3016302585602 4.6972332000732 0.4717076420784
2.2038657665253 0.97509288787842 0.094316355884075
-0.060605157166719 -0.087481297552586 0.020151644945145
2.8960492610931 -0.96860921382904 0.015104502439499
2.5147521495819 -3.4846541881561 -0.31293171644211
2.1381812095642 -2.4605839252472 -0.11137092113495
-4.0624785423279 -3.2172107696533 -0.25923109054565
1.0449637174606 4.6834464073181 0.46602123975754
3.503978729248 3.3105993270874 0.45104694366455
-4.4895539283752 1.6986671686172 0.28515625
-1.3954424858093 -0.36255511641502 0.022875756025314
0.83695495128632 -3.865932226181 -0.41706874966621
0.34767046570778 -4.0105180740356 -0.45869576931
-1.3422807455063 -1.9153674840927 -0.075818985700607
0.88342720270157 -3.2051284313202 -0.23806783556938
-1.3449932336807 -2.3370628356934 -0.080496907234192
-2.0099935531616 4.3176870346069 0.45186698436737
-1.4512459039688 -4.1897797584534 -0.45046764612198
-2.5426828861237 -2.0727016925812 -0.083005428314209
3.8142659664154 -0.78612041473389 0.03125
-4.0797266960144 4.1195135116577 0.4884606897831
0.44671896100044 -2.4537053108215 -0.1177541166544
-0.48459511995316 -4.7343430519104 -0.47556164860725
0.7339763045311 -3.4776608943939 -0.28118181228638
0.67042261362076 -1.9046207666397 -0.10043784230947
-3.0894162654877 -4.9956126213074 -0.46314775943756
-1.2067104578018 -4.6317281723022 -0.47234880924225
-3.7901899814606 -0.19247621297836 0.011597365140915
0.45329400897026 2.1127600669861 0.27223128080368
-1.1026581525803 -1.1805498600006 0.0041511356830597
-4.4447927474976 0.063795775175095 0.020158320665359
2.705308675766 1.4588289260864 0.20605984330177
2.9009475708008 -3.4616229534149 -0.31180164217949
-4.060658454895 -1.8967235088348 -0.079000346362591
4.3207311630249 1.1538462638855 0.13767872750759
0.15226680040359 -4.3709568977356 -0.47546139359474
3.2989659309387 1.8976985216141 0.27525368332863
1.3469573259354 -4.6967644691467 -0.46379089355469
0.091884337365627 3.1747210025787 0.43324810266495
0.9979043006897 -1.0535212755203 -0.0095158517360687
1.5312713384628 -0.44510850310326 0.011719167232513
-3.651481628418 2.1850807666779 0.26851868629456
-0.53190290927887 -3.0885939598083 -0.24170473217964
-0.96921879053116 -3.3521838188171 -0.27084338665009
-0.06955248862505 1.9889016151428 0.27544742822647
1.5740386247635 1.1918452978134 0.11921614408493
-1.909613609314 -1.1682220697403 0.0021263957023621
-3.4473824501038 -3.1311047077179 -0.25503394007683
-2.3029713630676 4.2333655357361 0.45887288451195
-1.0481623411179 -1.1133208274841 0.010282024741173
-3.3400194644928 4.0700826644897 0.46504744887352
2.4248821735382 0.77474308013916 0.055695064365864
-0.64102548360825 -3.7093629837036 -0.35715132951736
-3.4229114055634 -2.8546512126923 -0.22974000871181
0.56807786226273 -2.6785984039307 -0.16504481434822
-0.17900754511356 1.5155383348465 0.24058170616627
-2.8505520820618 -4.3838739395142 -0.48668563365936
-3.148989200592 -3.559473991394 -0.32679909467697
-3.9920747280121 3.3312726020813 0.43348681926727
3.5696220397949 -1.0532268285751 0.03052319586277
2.543440580368 -2.6413695812225 -0.16264918446541
4.2499527931213 1.2875437736511 0.17565883696079
-0.16511981189251 -2.2187087535858 -0.088362716138363
-1.2107630968094 -3.370952129364 -0.26662787795067
-3.927636384964 -4.6115641593933 -0.4679237306118
3.1236524581909 -1.2483206987381 0.011109203100204
-0.95570641756058 0.55366575717926 0.062154471874237
-3.5452675819397 2.9489984512329 0.33737805485725
1.115086555481 -3.0965867042542 -0.24099791049957
-2.2234938144684 4.7074818611145 0.46307310461998
1.3791129589081 4.7025942802429 0.47546350955963
1.5297429561615 3.2685990333557 0.45877450704575
3.2312960624695 -0.40177771449089 0.024097621440887
4.2436447143555 1.1129146814346 0.13583646714687
-1.4162127971649 2.3623750209808 0.26598799228668
3.3901920318604 -3.217796087265 -0.26096683740616
-4.848729133606 4.9202213287354 0.47253003716469
0.74519646167755 -2.1540575027466 -0.096456654369831
-2.5831160545349 2.1625273227692 0.27734375
-0.72210311889648 2.9487183094025 0.29874309897423
-0.73974996805191 -1.2455594539642 -0.0095666944980621
0.99108654260635 -2.179486989975 -0.092323295772076
3.4839580059052 4.1766729354858 0.46909153461456
-4.7532272338867 2.9130301475525 0.34647610783577
4.8529748916626 -2.2888712882996 -0.085883557796478
4.1783547401428 0.20531837642193 0.032470762729645
2.8837008476257 0.91102927923203 0.079826578497887
-3.1409091949463 -3.6311564445496 -0.3524082005024
2.1723034381866 1.8307776451111 0.26442155241966
-3.9534473419189 3.4211704730988 0.44965144991875
-2.5156030654907 -3.8739295005798 -0.44612884521484
-4.8281540870667 4.9755153656006 0.47452819347382
-2.7143890857697 -1.8707636594772 -0.089046791195869
-3.5491819381714 0.73892587423325 0.070724308490753
1.7482340335846 3.526326417923 0.47334587574005
-2.4790992736816 -2.4358973503113 -0.10353696346283
3.5941514968872 -4.2098679542542 -0.48873397707939
4.2459855079651 4.6892566680908 0.47311982512474
4.6468071937561 -0.21232698857784 0.0073721259832382
-2.8480818271637 -1.3083534240723 -0.035988733172417
0.64102584123611 -3.8143699169159 -0.39219143986702
-4.0630993843079 -0.049854554235935 0.012745253741741
-4.1534786224365 1.8978917598724 0.27772745490074
-0.094518974423409 0.3846156001091 0.026830565184355
2.1786768436432 -1.1267750263214 -0.012713447213173
-3.7179491519928 3.7725863456726 0.46734082698822
1.9606485366821 4.8028440475464 0.44916528463364
0.095185019075871 -0.23058517277241 0.014852158725262
-4.7016224861145 3.3513166904449 0.45626503229141
-4.2775797843933 -2.7678141593933 -0.19097457826138
4.7227201461792 -1.7176316976547 -0.032296121120453
0.84218919277191 -0.90848958492279 0.0076437592506409
2.9958391189575 -3.2051284313202 -0.25956517457962
-3.1823918819427 3.98424243927 0.46059110760689
0.11701746284962 4.2722425460815 0.46782726049423
2.1123075485229 -4.825973033905 -0.42749953269958
1.7069846391678 4.34739112854 0.45305898785591
-3.1682074069977 -3.7179491519928 -0.38115611672401
0.48101153969765 -0.38461524248123 0.014655813574791
-4.6233339309692 4.6638193130493 0.46691805124283
-1.2296253442764 -2.6165282726288 -0.12055642902851
3.2733871936798 -1.7423777580261 -0.037838034331799
1.9162290096283 -4.1974387168884 -0.4320316016674
-3.6418642997742 -3.8937406539917 -0.46248945593834
-0.18623861670494 4.1786346435547 0.47051823139191
-4.598867893219 -4.1596922874451 -0.48654076457024
2.7910113334656 -3.6486659049988 -0.37162357568741
2.6403608322144 -3.3425071239471 -0.28627249598503
-0.2773132622242 4.3903307914734 0.46647843718529
3.0442306995392 0.45041581988335 0.010476887226105
3.4632110595703 0.83495771884918 0.084333688020706
-2.4179651737213 -2.2264902591705 -0.082148209214211
3.2935285568237 -1.0011374950409 0.02664440870285
2.5544533729553 -2.2157316207886 -0.10251718759537
0.69325143098831 3.5571479797363 0.47133445739746
-1.9903552532196 -4.8282623291016 -0.4681470990181
-0.97739833593369 -1.0738834142685 0.012685222551227
-3.559196472168 4.3284277915955 0.47023776173592
3.722235918045 2.1579043865204 0.27727848291397
-0.58016854524612 2.6112957000732 0.26685917377472
-3.6070301532745 -1.5392775535583 -0.041251890361309
3.8410379886627 4.8015446662903 0.46906179189682
-0.69919449090958 -2.8905489444733 -0.21487930417061
2.0506889820099 4.5804657936096 0.43980127573013
-0.17949602007866 -0.2165285050869 0.019748494029045
3.2051286697388 -2.7291061878204 -0.18364764750004
0.433315128088 -1.8942338228226 -0.10024428367615
-4.3102827072144 -4.6640768051147 -0.45945391058922
2.6193032264709 0.65121966600418 0.033915147185326
1.5207952260971 -4.0150899887085 -0.46147575974464
4.5827474594116 -1.6751959323883 -0.027317186817527
3.7271783351898 -3.1865034103394 -0.26981246471405
-1.2625463008881 2.016743183136 0.26787525415421
-2.015814781189 2.6066935062408 0.29827454686165
0.44699388742447 2.3656160831451 0.2792289853096
-3.7232353687286 -4.4340829849243 -0.48054930567741
-0.57196038961411 4.1303396224976 0.47477349638939
-4.0690970420837 1.36953997612 0.18743324279785
3.4615390300751 -2.6086792945862 -0.1528488099575
-0.73372584581375 1.919975399971 0.28393304347992
4.9286489486694 2.9347422122955 0.28085592389107
-1.4547536373138 2.0384857654572 0.26765871047974
3.7589330673218 2.6945466995239 0.2955476641655
-0.6175000667572 -1.5004432201385 -0.048178821802139
-4.8977632522583 -1.2216382026672 -0.026235923171043
-4.8067426681519 -1.3488252162933 -0.040402621030807
1.6738849878311 -3.2051284313202 -0.234375
-0.076225362718105 3.6824281215668 0.46795815229416
-3.3272521495819 -1.6666665077209 -0.080170772969723
1.7364863157272 4.230770111084 0.44993403553963
-4.6801218986511 -0.12820495665073 0.0078125
-4.4317789077759 -3.2051284313202 -0.25390625
-3.6681458950043 -4.3093719482422 -0.48046875
-1.7116279602051 -1.452108502388 -0.036364823579788
-4.7637619972229 -4.6715312004089 -0.4827940762043
-3.6450309753418 4.1094217300415 0.47639831900597
3.6505391597748 2.6923079490662 0.29584804177284
-3.8778104782104 0.52824246883392 0.070003941655159
2.5546545982361 0.23646666109562 -0.013221949338913
2.0139720439911 -2.7602486610413 -0.16938626766205
-4.1996665000916 2.7916014194489 0.30620011687279
3.0766806602478 -2.2849440574646 -0.094876453280449
-4.1676325798035 2.9023146629333 0.32213413715363
-1.487188577652 -0.4927796125412 0.019445657730103
-4.8417835235596 -1.5684726238251 -0.07546603679657
3.5927448272705 -0.19465366005898 0.023594558238983
-1.1094821691513 2.4744203090668 0.26474207639694
-3.7218909263611 0.04395030066371 0.02208935841918
2.6695318222046 3.1404769420624 0.40712368488312
-3.7863459587097 1.0136555433273 0.098642826080322
4.8846154212952 3.7638697624207 0.47441408038139
-0.89743572473526 2.5083823204041 0.26672926545143
2.5228998661041 -1.0129255056381 0.0051850974559784
-4.5027055740356 -2.1650369167328 -0.078361541032791
-1.4846042394638 4.51686668396 0.46971055865288
-4.0366706848145 2.9487183094025 0.33203125
0.038203176110983 -0.026743771508336 0.020902380347252
-0.90387552976608 4.4617114067078 0.4650399684906
-2.9230055809021 3.8279268741608 0.45480042695999
-3.6961896419525 -3.6363513469696 -0.37600141763687
-3.1475186347961 1.2578793764114 0.14053581655025
-1.2567781209946 3.6075503826141 0.46940630674362
4.7530632019043 -4.3810739517212 -0.47089552879333
4.132538318634 2.1134102344513 0.2733441889286
0.023300306871533 3.9868311882019 0.46644192934036
4.1039180755615 -1.5398144721985 -0.0022211000323296
4.6864199638367 -2.9315538406372 -0.26525890827179
3.4563462734222 1.7539820671082 0.27984064817429
3.4097630977631 -0.21158075332642 0.018646717071533
-0.12438706308603 2.3951621055603 0.27020996809006
4.9534454345703 1.0198475122452 0.10210531949997
-1.0844428539276 -0.43198415637016 0.020252853631973
2.5907666683197 1.0599423646927 0.10794954746962
-3.7492318153381 -1.1538460254669 0.02239067107439
3.1619687080383 2.3306894302368 0.27409499883652
1.1422290802002 -0.27042409777641 0.013458371162415
-1.2825994491577 -4.5886974334717 -0.46988165378571
0.090955637395382 3.6070921421051 0.46541124582291
1.3408221006393 -4.0487756729126 -0.46711111068726
-3.776636838913 -4.6524896621704 -0.47364377975464
-2.411970615387 0.58044874668121 0.075914785265923
3.4055507183075 2.0443167686462 0.27649077773094
3.2051286697388 2.2384023666382 0.2734375
3.2051286697388 -4.1854777336121 -0.48115873336792
-3.1733331680298 0.48550644516945 0.071629136800766
1.9746617078781 -4.2811522483826 -0.42899322509766
1.0488903522491 -2.2181808948517 -0.094979584217072
-0.54777574539185 0.3846156001091 0.032670602202415
-2.290064573288 3.0056099891663 0.38538843393326
2.4358975887299 -1.4405057430267 -0.044131647795439
-4.4979691505432 -1.9026596546173 -0.078453749418259
1.5390303134918 4.1415977478027 0.46497830748558
4.4828410148621 -1.3843494653702 0.0094573199748993
0.9193896651268 3.3266906738281 0.46642282605171
4.8071317672729 -3.4615387916565 -0.3046875
2.9392461776733 4.3421173095703 0.46234524250031
-2.586089849472 0.92543095350266 0.08028481900692
-2.1565728187561 -1.4908460378647 -0.067717462778091
-2.1612086296082 0.065368749201298 0.031048685312271
1.9843850135803 -2.5242574214935 -0.1140513420105
0.761674284935 2.5099775791168 0.28114852309227
-1.7238128185272 -0.52144509553909 0.018580079078674
1.9683393239975 -3.2740287780762 -0.24834990501404
0.77460670471191 2.6923079490662 0.296875
0.064253948628902 -3.8581578731537 -0.4194256067276
-3.8025224208832 -1.1459035873413 0.027019774541259
-4.2130994796753 -1.241268157959 0.020340442657471
1.9040845632553 -1.9580844640732 -0.085160195827484
-1.8738443851471 -1.8398325443268 -0.08391934633255
-4.6227879524231 2.3150954246521 0.28309035301208
-4.2414541244507 3.0658602714539 0.36691495776176
-0.20003780722618 2.8300671577454 0.32636752724648
3.8741953372955 -2.0400156974792 -0.082797825336456
-1.9999079704285 1.4709808826447 0.22343760728836
4.9203896522522 -0.42107626795769 -0.0069693326950073
-1.6861280202866 -2.2540318965912 -0.07732917368412
0.28551068902016 -2.8648021221161 -0.216388002038
4.4881014823914 4.5185251235962 0.47999122738838
-2.7336592674255 3.086442232132 0.40482240915298
-1.4689630270004 -3.2051284313202 -0.22355061769485
-3.0732395648956 -1.8034864664078 -0.090293616056442
0.37394443154335 2.8753135204315 0.34427061676979
-0.77567893266678 0.99935412406921 0.12479580938816
-1.0418113470078 2.6800222396851 0.27374303340912
-1.1508760452271 4.7738299369812 0.467783421278
3.2853906154633 -4.7382459640503 -0.46997278928757
1.2464165687561 -3.260000705719 -0.2446561306715
3.3376371860504 2.7245209217072 0.29613947868347
-1.6155742406845 -4.2307696342468 -0.46173033118248
-3.0192291736603 2.8693161010742 0.33072125911713
-1.3481570482254 -3.3568620681763 -0.25785630941391
0.6654931306839 4.0988364219666 0.45904123783112
-1.8073267936707 0.3846156001091 0.050156366080046
4.0872769355774 1.5476083755493 0.24888065457344
1.142137169838 -0.29896658658981 0.013023555278778
-1.8106175661087 0.38433784246445 0.050486128777266
4.7540688514709 1.5690517425537 0.23527017235756
-3.6657538414001 0.79018151760101 0.074900716543198
-3.5721430778503 -3.6543710231781 -0.37286648154259
1.529093503952 0.77155303955078 0.060723751783371
2.9247143268585 1.9899277687073 0.28190276026726
-3.1335070133209 -2.4918947219849 -0.13694313168526
1.9203374385834 0.66891992092133 0.064924478530884
-0.78797000646591 0.51394081115723 0.054892264306545
-2.210905790329 -3.1573143005371 -0.23483276367188
-1.6177107095718 -0.11400889605284 0.013426631689072
-2.6300840377808 -4.3723301887512 -0.48597845435143
3.9585304260254 -2.2446048259735 -0.1007216796279
0.14109840989113 -0.36506745219231 0.0089023262262344
0.26634848117828 1.3575103282928 0.17212763428688
-1.9230766296387 0.89743608236313 0.09375
1.5727084875107 2.6641869544983 0.29348823428154
1.4351907968521 -2.6609356403351 -0.15661174058914
0.27675542235374 0.85585981607437 0.065529391169548
-1.7134016752243 4.3822064399719 0.46022552251816
-3.2514584064484 3.7741961479187 0.46234911680222
3.134950876236 4.6907091140747 0.47442418336868
-0.80318051576614 2.9487183094025 0.31232988834381
-1.5690715312958 3.6349275112152 0.46748518943787
4.2070279121399 -4.8981003761292 -0.48238280415535
4.2337417602539 -1.9940531253815 -0.067906409502029
2.0786092281342 -4.188304901123 -0.44175300002098
-1.6258912086487 -3.5125050544739 -0.29427009820938
1.2040411233902 3.8716831207275 0.47425526380539
-1.6219028234482 -2.5890774726868 -0.11394077539444
3.7179493904114 4.2926783561707 0.47076997160912
-4.5384473800659 0.32692098617554 0.052245333790779
2.9093117713928 0.5032331943512 0.015663266181946
-4.8613634109497 -1.1765872240067 -0.020190797746181
-4.2014942169189 -1.1234158277512 0.032587990164757
-1.0171638727188 -1.3362089395523 -0.016495257616043
0.32996726036072 3.619677066803 0.46326714754105
-3.08913397789 -4.8811645507812 -0.46488702297211
3.2383394241333 -4.1895365715027 -0.48160284757614
4.4255328178406 -1.6893883943558 -0.030805289745331
3.7185771465302 2.6374235153198 0.29267519712448
-1.546638250351 -4.4225101470947 -0.46702873706818
3.1079084873199 -1.1267559528351 0.016693383455276
-0.82801228761673 -3.1916737556458 -0.24718406796455
0.69882947206497 -3.3438963890076 -0.25727665424347
-0.59072428941727 -2.9685704708099 -0.23481844365597
-1.544601559639 1.3725131750107 0.20045295357704
0.86054468154907 -0.30868443846703 0.018936514854431
3.1484446525574 3.7127130031586 0.46443232893944
2.9380393028259 2.1606328487396 0.28470635414124
-2.5598075389862 -3.026814699173 -0.25897055864334
-4.2296018600464 -0.10150038450956 0.012921443209052
-1.1441035270691 0.29529803991318 0.029713466763496
3.759699344635 -2.2089745998383 -0.084262907505035
-0.34684863686562 4.3212857246399 0.47127497196198
-1.2259887456894 4.0594773292542 0.47526580095291
-3.1123096942902 -0.15127085149288 0.031273990869522
-1.4030829668045 4.9472122192383 0.46634289622307
-4.0493478775024 -4.3836092948914 -0.47853204607964
4.6544227600098 -2.7904055118561 -0.21677693724632
2.3556027412415 -1.0526760816574 0.0019408166408539
-0.42414578795433 3.306006193161 0.46294796466827
3.2016310691833 0.50894546508789 0.020899772644043
-3.8769311904907 3.8311674594879 0.48073375225067
3.5123178958893 3.9799158573151 0.46952360868454
3.9561982154846 2.5656979084015 0.27827098965645
4.2488465309143 -1.6471376419067 -0.024666167795658
0.9644593000412 1.8178750276566 0.25
4.0476026535034 0.47552871704102 0.049565132707357
1.7165859937668 -2.6923077106476 -0.15396854281425
-4.7435898780823 -3.8850314617157 -0.46088775992393
4.5779247283936 3.3634366989136 0.45266330242157
4.3132247924805 0.83309543132782 0.082140073180199
4.077392578125 2.6923079490662 0.28358662128448
4.0556321144104 -1.8163233995438 -0.05144576728344
-4.6064252853394 -3.5162472724915 -0.33321291208267
0.48685130476952 -2.3226780891418 -0.10621462762356
4.1733002662659 3.5250859260559 0.47762316465378
4.465434551239 -2.4575862884521 -0.12637960910797
-1.1547791957855 -1.0452280044556 0.014431402087212
-1.0934740304947 0.55069029331207 0.062067002058029
-4.1695384979248 3.9907627105713 0.48692357540131
2.7268469333649 1.1966564655304 0.13713955879211
-3.7839176654816 -4.8837232589722 -0.46436658501625
2.0124065876007 2.2834694385529 0.26466372609138
-4.4700026512146 3.9571826457977 0.47317960858345
-1.9782296419144 -0.99164921045303 0.018682301044464
0.7788707613945 2.6877987384796 0.29646280407906
-1.395555973053 -3.1253154277802 -0.22432005405426
0.31503754854202 -4.072633266449 -0.46108549833298
-0.17971816658974 3.613781452179 0.47031956911087
0.95222043991089 -0.65069669485092 0.01589816249907
4.4937090873718 0.42906004190445 0.015061512589455
4.6128840446472 -0.39567783474922 0.013464197516441
-3.9533936977386 -1.134729385376 0.040469884872437
-2.5429363250732 1.2153270244598 0.13859789073467
-3.5443840026855 0.60455095767975 0.068930439651012
3.6843953132629 2.9904448986053 0.37272423505783
0.77634942531586 3.0698049068451 0.40158572793007
-4.4037961959839 -3.7047526836395 -0.39508390426636
-2.5722169876099 1.0802817344666 0.10851871967316
3.1989686489105 -4.5588026046753 -0.46893763542175
2.8538098335266 3.7497637271881 0.44584232568741
4.3008890151978 -1.6473923921585 -0.024701111018658
4.8142509460449 -2.2501475811005 -0.08175402879715
-4.1943683624268 -2.6397681236267 -0.15540799498558
-1.7834007740021 -0.058944925665855 0.016662523150444
4.6083884239197 -2.6923077106476 -0.1838069409132
4.8346333503723 2.623866558075 0.2525192797184
-1.8588062524796 4.20197057724 0.45259481668472
-3.1023876667023 -0.69149655103683 0.0093846917152405
-3.7932918071747 2.5242054462433 0.27261689305305
0.56078547239304 0.10388155281544 0.011368989944458
3.5498905181885 -2.8955328464508 -0.2483354061842
-0.0042452649213374 -2.8332848548889 -0.20259176194668
-1.1125930547714 1.4443554878235 0.22545123100281
-1.0676342248917 -3.6490609645844 -0.34619823098183
-4.1086387634277 1.7623434066772 0.27979239821434
-0.31935676932335 2.9619789123535 0.35708731412888
2.0343253612518 -1.1946958303452 -0.017425283789635
2.4459483623505 -2.6882696151733 -0.17116682231426
3.283251285553 -3.6627361774445 -0.36906811594963
-1.5428736209869 3.144543170929 0.41746324300766
-2.4854207038879 -4.9972224235535 -0.48290836811066
-1.6403721570969 -2.6923077106476 -0.1328125
-2.2965331077576 -0.61103004217148 0.017631202936172
-1.5346771478653 -0.90839600563049 0.021041110157967
0.080698661506176 -1.0709286928177 0.0039738714694977
-1.2080578804016 -2.5942327976227 -0.11780589073896
3.2587356567383 -1.6516273021698 -0.024923264980316
-3.3077516555786 -2.1848690509796 -0.098230242729187
-0.68413174152374 4.7866969108582 0.45053213834763
-3.2520616054535 0.29680839180946 0.064762592315674
-4.128888130188 -0.27337875962257 0.016142018139362
3.7530560493469 -3.496645450592 -0.32817244529724
3.4473814964294 1.0744891166687 0.128383487463
3.1433796882629 4.0518617630005 0.46117749810219
0.3846156001091 2.1500310897827 0.2759975194931
2.6747395992279 -1.2126182317734 0.00068487226963043
-4.9855613708496 -4.543933391571 -0.48373031616211
-2.4264748096466 -4.2323136329651 -0.47610834240913
-4.7761487960815 1.6450175046921 0.26925945281982
4.7742795944214 1.5478646755219 0.2300760447979
-1.2033861875534 4.1129956245422 0.47445052862167
-4.3182625770569 -3.4615387916565 -0.30859375
-1.1880316734314 -1.239538192749 -0.0021104365587234
-3.4283497333527 0.99543780088425 0.08765571564436
-4.9450640678406 -0.71490162611008 0.016443401575089
-2.0872430801392 3.8778085708618 0.46100309491158
-4.1101584434509 -0.81282418966293 0.030509438365698
3.8320324420929 -3.42751288414 -0.31018587946892
-0.76882427930832 -2.5763165950775 -0.12369874119759
-3.5946176052094 1.6299035549164 0.24863857030869
2.2576014995575 -3.0914168357849 -0.24229289591312
1.4285645484924 0.39699175953865 0.021039575338364
-1.5426119565964 1.0297919511795 0.13155496120453
-3.3109397888184 -1.2159041166306 -0.0020608715713024
2.0729291439056 2.8643527030945 0.34533807635307
-1.8702944517136 0.88567906618118 0.095533527433872
0.73744028806686 -1.3182234764099 -0.030783653259277
-1.1030671596527 -0.83614248037338 0.023277312517166
-3.0435817241669 3.3477404117584 0.44561344385147
-3.325603723526 0.94910496473312 0.081303030252457
0.10667107254267 -4.2609081268311 -0.4742306470871
-4.2777800559998 2.9051041603088 0.3282516002655
0.22486819326878 2.2167959213257 0.27734375
3.4965848922729 0.50882041454315 0.038696467876434
-1.7621291875839 -4.6849193572998 -0.46739944815636
0.087462343275547 -1.983124256134 -0.09067901968956
2.6119070053101 -0.024693643674254 -0.015745393931866
0.86361920833588 -0.55043709278107 0.01953125
2.4280242919922 2.4869546890259 0.28448125720024
-4.4871797561646 1.2884924411774 0.17364126443863
0.69227337837219 1.0184482336044 0.079152226448059
-4.7106437683105 -1.8413803577423 -0.082773916423321
3.2261071205139 -2.921891450882 -0.24628265202045
-4.6221179962158 1.4414724111557 0.21243093907833
0.85430067777634 -0.1807703524828 0.017082929611206
3.5064761638641 3.8549101352692 0.46761479973793
-3.8142974376678 2.2729063034058 0.2681080698967
3.1623470783234 1.113306760788 0.12742066383362
3.630829334259 -4.76087474823 -0.480393409729
-2.9423966407776 1.1584875583649 0.12227015197277
-3.5109114646912 -3.6921720504761 -0.38144755363464
-3.682021856308 0.54975259304047 0.068908303976059
0.19213217496872 3.8587474822998 0.46386983990669
-4.0597400665283 -4.7745790481567 -0.4565592110157
-1.1125042438507 3.3905534744263 0.46090665459633
-0.64102548360825 2.9746785163879 0.30058026313782
-2.5182783603668 -4.4871797561646 -0.47907254099846
-4.1051349639893 2.5219924449921 0.27820962667465
-4.0473699569702 1.2911870479584 0.16475369036198
3.4310777187347 -1.3727743625641 0.0092753879725933
1.4894185066223 4.0101428031921 0.47185432910919
0.5348345041275 -1.5095105171204 -0.052354156970978
0.37681218981743 -1.9607080221176 -0.10017818212509
3.4615390300751 -2.2699437141418 -0.085243172943592
1.2452812194824 2.6493005752563 0.28829979896545
-4.5830106735229 -1.2743704319 -0.021754503250122
-2.9618153572083 -3.6126334667206 -0.35964134335518
-3.349781036377 4.7207822799683 0.47401136159897
-1.1149806976318 -0.039165452122688 0.017573557794094
1.2099359035492 -0.66485643386841 0.0018342286348343
0.20354208350182 2.5272145271301 0.28544715046883
-2.2591319084167 3.6995136737823 0.46540546417236
-4.8027639389038 4.5463542938232 0.46875
-4.4611306190491 1.9804937839508 0.28436261415482
-2.5334234237671 3.2510657310486 0.45123210549355
-3.0212087631226 -1.0734394788742 -0.0050829350948334
-0.63429433107376 -2.9245550632477 -0.22617410123348
-1.4102561473846 -4.5902605056763 -0.46955487132072
1.7968446016312 2.6511149406433 0.2924220263958
0.12622110545635 2.9448375701904 0.3622761964798
-2.486022233963 -4.1074523925781 -0.48073196411133
-4.8129539489746 -0.48000478744507 0.012775480747223
2.1956150531769 -0.97829121351242 0.0038333758711815
-4.237491607666 -0.087966039776802 0.0135577917099
-1.2489874362946 -2.8993945121765 -0.2085285782814
1.1178711652756 1.6024540662766 0.23043519258499
1.6458673477173 -4.5622415542603 -0.44409993290901
-3.1336605548859 -3.3781027793884 -0.28415530920029
-0.96176970005035 0.86994284391403 0.10951170325279
2.4358975887299 -3.7317123413086 -0.38003215193748
0.2144879847765 -3.8884627819061 -0.42821711301804
-2.0247991085052 0.017858134582639 0.025399893522263
-2.8324503898621 0.50341296195984 0.074543923139572
-4.7634720802307 3.1306648254395 0.41337439417839
-4.986198425293 -0.47222846746445 0.016539216041565
-4.5702934265137 0.99166065454483 0.10833533853292
-4.3425188064575 -1.6896728277206 -0.074067853391171
-2.2112154960632 0.41634404659271 0.067856341600418
3.5596933364868 -4.8882308006287 -0.47855859994888
-2.6562051773071 -0.10364650189877 0.027564436197281
-4.1809468269348 1.5177007913589 0.23359252512455
-4.2312154769897 3.6102330684662 0.47225695848465
-0.26546117663383 4.3949766159058 0.46665900945663
-1.334611415863 -4.5195469856262 -0.46698236465454
-2.6184387207031 -3.5728907585144 -0.34415253996849
1.1852979660034 -4.3405084609985 -0.47384893894196
1.3039699792862 -0.22712224721909 0.014898151159286
-0.5444421172142 -1.3250782489777 -0.020534798502922
4.4401149749756 1.9399104118347 0.26731544733047
-1.7460623979568 -4.9089689254761 -0.46902760863304
0.47747778892517 0.27208968997002 0.014987595379353
1.9230771064758 -4.1548857688904 -0.43431168794632
4.0949215888977 -4.764392375946 -0.48612767457962
-3.9369008541107 -2.2325961589813 -0.089168399572372
-2.0551884174347 -1.4064000844955 -0.046527087688446
-2.8662981987 -2.6321787834167 -0.16560742259026
2.9471871852875 4.9135866165161 0.46875
2.7291309833527 -0.35574644804001 -0.00019747018814087
0.48326879739761 -4.5131916999817 -0.45772543549538
-1.6217002868652 -4.3745913505554 -0.46785575151443
-3.8923907279968 -1.2358145713806 0.027983859181404
3.1432909965515 1.8273357152939 0.27532163262367
-4.4404954910278 1.1405235528946 0.13235253095627
-1.2382545471191 -1.8559948205948 -0.070840418338776
-1.4102561473846 -0.16667594015598 0.020117331296206
-1.3821719884872 -3.2855637073517 -0.24109515547752
-4.5038814544678 4.6176915168762 0.46509823203087
0.52953416109085 4.795786857605 0.44972795248032
3.1900320053101 -3.2051284313202 -0.2506899535656
-4.1801900863647 -4.8862819671631 -0.45626071095467
1.1020002365112 3.9202105998993 0.47193655371666
2.5143465995789 -1.5086963176727 -0.043607652187347
1.2483274936676 2.3580191135406 0.26715841889381
2.7956004142761 3.8946967124939 0.4429407119751
-2.1525206565857 -4.8814764022827 -0.47633078694344
2.2658174037933 -3.5478689670563 -0.31799656152725
0.75168913602829 3.6153790950775 0.47134071588516
2.1356596946716 4.8467226028442 0.45740661025047
-3.9505219459534 1.7929493188858 0.27751040458679
-3.3794555664062 -3.8585138320923 -0.44364592432976
1.4665678739548 -0.9142462015152 -0.0067754983901978
-2.9182624816895 -2.6885166168213 -0.17841489613056
4.3011536598206 -1.3591475486755 0.011705538257957
-1.3821312189102 -4.8346080780029 -0.47699096798897
2.7823448181152 -3.1338739395142 -0.25991129875183
2.9871382713318 -2.0943908691406 -0.077999264001846
2.151383638382 -3.3634986877441 -0.27028328180313
-2.5749580860138 -4.5267329216003 -0.48140203952789
-4.9118576049805 4.2030644416809 0.47820526361465
-3.6174604892731 2.9487183094025 0.33509302139282
-1.4567531347275 0.67045170068741 0.078513354063034
-1.1615530252457 -3.891036272049 -0.42508116364479
1.4113339185715 3.6573171615601 0.47448724508286
4.3026547431946 -1.0140173435211 0.026248663663864
3.7601866722107 4.3290791511536 0.46966087818146
-4.7481250762939 -0.56720566749573 0.011787861585617
-4.5901255607605 -4.846305847168 -0.47894459962845
-0.83332431316376 0.028781266883016 0.021484643220901
-0.69101625680923 1.986187338829 0.28151029348373
0.60622292757034 -3.4352874755859 -0.26956862211227
3.4984273910522 -2.020138502121 -0.067497998476028
-4.2237195968628 0.32099828124046 0.049763828516006
1.3499556779861 -4.4471712112427 -0.47296535968781
-0.22806221246719 2.4139878749847 0.26986503601074
4.5583982467651 -3.6578998565674 -0.3680821955204
-0.38650932908058 3.5328154563904 0.47662019729614
-4.4035058021545 -0.43887469172478 0.015094764530659
-4.4258399009705 1.4381483793259 0.21366056799889
-3.5678744316101 -4.4493446350098 -0.48046875
0.07276077568531 -2.8014016151428 -0.19479542970657
1.2136907577515 -3.6098167896271 -0.32612827420235
-1.7906228303909 3.4072666168213 0.46567755937576
0.10197702795267 -3.7325794696808 -0.37293630838394
-2.2288699150085 0.39708191156387 0.067538410425186
-0.37420958280563 2.4322671890259 0.26958656311035
-3.6894743442535 -2.7767450809479 -0.20279465615749
1.5005762577057 -3.4305114746094 -0.26961413025856
0.16555266082287 -0.94329249858856 0.0064152479171753
-0.30403423309326 -0.23312672972679 0.023660950362682
3.1302309036255 2.2320551872253 0.2752588391304
-1.6008508205414 0.33078861236572 0.032696180045605
-0.38848769664764 -4.6391339302063 -0.47424757480621
-1.8114275932312 2.9528348445892 0.36686629056931
4.0687303543091 1.1005529165268 0.13644516468048
4.1410145759583 -1.3347945213318 0.015581250190735
-2.7108011245728 4.3371200561523 0.46027165651321
-2.2917003631592 -2.4395840167999 -0.10009582340717
3.7083148956299 3.3387911319733 0.45551332831383
2.4774577617645 1.0123851299286 0.098735228180885
1.1929219961166 -3.4615387916565 -0.27674844861031
3.6574532985687 0.20202119648457 0.025906383991241
-1.1892102956772 -3.5494751930237 -0.31423941254616
4.4755673408508 -0.592977643013 0.03648841381073
1.2251118421555 -4.5168190002441 -0.47412225604057
3.1752126216888 0.77595680952072 0.061218235641718
-1.3987061977386 3.464524269104 0.46506518125534
-3.5263423919678 -4.0932536125183 -0.48646998405457
-0.23134309053421 3.8484110832214 0.47346377372742
-1.0147725343704 4.8309187889099 0.4639704823494
1.5929046869278 -3.6514186859131 -0.3342944085598
4.4839916229248 1.8340592384338 0.26300990581512
-2.308601140976 2.5058677196503 0.29155194759369
-4.8444852828979 -0.79654002189636 0.012423750013113
-4.1379117965698 1.9085602760315 0.27756491303444
-4.8365983963013 -4.1818680763245 -0.48653692007065
-2.4319014549255 3.3320260047913 0.45888477563858
-0.13466200232506 3.9174962043762 0.46904519200325
3.853374004364 0.46503278613091 0.048245340585709
-3.2865967750549 3.3158996105194 0.44318768382072
-1.0426839590073 -4.1181836128235 -0.45651200413704
-1.3338726758957 3.6927559375763 0.46952986717224
3.3549664020538 -2.4358973503113 -0.11033945530653
-3.9564025402069 -1.5286604166031 -0.029768973588943
4.9109935760498 4.9074535369873 0.46760958433151
4.1095638275146 -2.5031740665436 -0.13932904601097
-0.18728485703468 1.3648113012314 0.19868326187134
4.9460000991821 3.2329394817352 0.45016488432884
-2.4709928035736 -3.2807734012604 -0.26925602555275
2.6006634235382 -2.5621774196625 -0.14604440331459
-3.3708915710449 0.41885668039322 0.069168210029602
-0.77077758312225 -4.4564256668091 -0.47318023443222
-2.4096162319183 -2.4039001464844 -0.098237335681915
0.68752378225327 4.7547769546509 0.45383337140083
-3.0332489013672 -3.5961489677429 -0.34783807396889
-4.2149286270142 -0.25988414883614 0.015730872750282
-1.7459777593613 0.51643711328506 0.064496248960495
0.68639731407166 4.062792301178 0.45959031581879
-2.2321536540985 4.9310307502747 0.47466123104095
-3.3962156772614 2.4189643859863 0.26975244283676
2.5063133239746 1.9591288566589 0.27384793758392
-1.3489379882812 3.5913891792297 0.46775606274605
-1.9685242176056 4.0877528190613 0.45496103167534
2.3625113964081 1.2509707212448 0.15517798066139
3.638459444046 -3.4937036037445 -0.32646542787552
2.3989334106445 -3.3668835163116 -0.28425201773643
0.96008193492889 -1.3993539810181 -0.046500653028488
-0.43464398384094 2.2759525775909 0.27440455555916
-1.6871370077133 1.4208220243454 0.21368390321732
-1.330130815506 -4.6337175369263 -0.47154104709625
0.58740103244781 0.65950548648834 0.039268590509892
4.8260865211487 -4.8758687973022 -0.46736907958984
-0.015499937348068 -3.7714915275574 -0.38895308971405
2.4612865447998 -4.7435898780823 -0.45115268230438
3.5028958320618 2.8075721263885 0.32345041632652
2.4464738368988 2.1316409111023 0.27636927366257
-2.2065994739532 1.6401448249817 0.26966691017151
2.4370391368866 -0.14890675246716 -0.014959454536438
0.33984264731407 1.1847915649414 0.11762572824955
-3.7846200466156 -3.0924904346466 -0.25898709893227
-2.7008011341095 1.6975737810135 0.27386164665222
4.6100902557373 -0.54701548814774 0.031461302191019
-1.4630761146545 -4.528459072113 -0.46833974123001
-3.485075712204 0.72709268331528 0.069387167692184
1.5547246932983 2.9838018417358 0.36286440491676
1.7667680978775 4.2518138885498 0.44887065887451
0.53366637229919 3.0560777187347 0.39989858865738
-3.1507594585419 0.49250292778015 0.071759805083275
-3.5949251651764 2.9328308105469 0.33263319730759
1.8905267715454 2.626758813858 0.28697028756142
1.6928776502609 -3.5587794780731 -0.30777043104172
-4.7826895713806 -4.7930717468262 -0.48377937078476
-2.7206087112427 2.8761274814606 0.34386265277863
2.2798118591309 4.9017372131348 0.46429046988487
4.0750632286072 -0.40073102712631 0.033622108399868
0.56233245134354 1.2156581878662 0.1197113469243
1.3250232934952 -1.0223828554153 -0.014127999544144
2.1641387939453 -4.7501058578491 -0.42561140656471
-1.0859923362732 -0.71769392490387 0.021732948720455
4.5543751716614 0.14138849079609 0.0047414302825928
-1.7233191728592 2.4999384880066 0.28676608204842
-4.8009476661682 -0.14360210299492 0.0097947120666504
3.9929368495941 2.1615536212921 0.26982405781746
4.2794194221497 -0.03551409393549 0.032532602548599
-1.6210829019547 1.5565098524094 0.250348508358
-0.6606856584549 -3.4492428302765 -0.2908331155777
-4.8137435913086 1.1538462638855 0.13955625891685
1.7775061130524 -4.654896736145 -0.43089306354523
-3.1303000450134 4.230770111084 0.4586575627327
3.8100397586823 -4.6687173843384 -0.48691856861115
3.3928987979889 -2.0170323848724 -0.067839749157429
1.5779912471771 -0.10975911468267 0.019531279802322
2.9364337921143 1.1661307811737 0.13561969995499
0.42546230554581 4.7435903549194 0.44655704498291
0.99934047460556 -3.2327160835266 -0.24248406291008
2.833212852478 1.3898202180862 0.1922420412302
0.88217276334763 -0.93266403675079 0.0048249363899231
-1.5771359205246 -1.5807081460953 -0.057140558958054
-2.8795921802521 0.89406663179398 0.07887202501297
0.22726981341839 0.58360928297043 0.046180635690689
-3.5016741752625 -3.7595217227936 -0.40624246001244
-3.2195320129395 4.0739321708679 0.46137636899948
3.7810983657837 -1.2260040044785 0.0289141908288
0.6591010093689 -4.9322490692139 -0.45906293392181
-0.14700850844383 4.8340382575989 0.45703122019768
4.4439721107483 3.7611577510834 0.47853726148605
-2.8783404827118 1.3109189271927 0.16309389472008
0.19368955492973 -3.1060380935669 -0.23728364706039
2.7674782276154 -3.9489853382111 -0.47700133919716
1.4170637130737 2.6993930339813 0.29131641983986
0.62511748075485 2.2416260242462 0.27462649345398
2.2836396694183 -1.3416078090668 -0.037882536649704
3.1612076759338 1.9508498907089 0.27519875764847
-2.4622256755829 0.82396358251572 0.079708658158779
-3.231880903244 -1.6724823713303 -0.081889495253563
3.772331237793 -1.4087015390396 0.02043080329895
1.3968107700348 3.9518778324127 0.47601518034935
-0.37524166703224 0.87878286838531 0.091616585850716
0.40902203321457 -3.6426546573639 -0.33491498231888
4.1749663352966 -0.91578942537308 0.028193920850754
2.75235414505 2.0741572380066 0.28125
-2.4649307727814 -3.4985809326172 -0.30980837345123
-2.630909204483 -1.4346277713776 -0.055058181285858
1.4866449832916 2.7474405765533 0.30767208337784
-0.75128835439682 -3.3746716976166 -0.27744483947754
0.39539504051208 4.6393809318542 0.44865182042122
3.0737287998199 0.79155868291855 0.062286704778671
0.63855767250061 -1.7422434091568 -0.090580567717552
-4.0446834564209 0.55005884170532 0.073401816189289
2.7696223258972 3.0122904777527 0.36584815382957
1.8466039896011 0.42268487811089 0.024170964956284
0.32137012481689 0.31658241152763 0.019458323717117
2.0032410621643 0.94554889202118 0.092290639877319
-2.6696741580963 4.6033244132996 0.46592348814011
2.0905537605286 4.8325238227844 0.45447984337807
1.7761564254761 -2.2613656520844 -0.087590977549553
0.23548823595047 1.9977424144745 0.27130621671677
3.4610457420349 -4.3270678520203 -0.48143351078033
-4.335497379303 -3.2051284313202 -0.25390625
3.4283599853516 1.1037150621414 0.13359200954437
2.7666482925415 -1.741006731987 -0.052028965204954
1.1897226572037 -1.2324358224869 -0.032364904880524
1.2554910182953 -4.757116317749 -0.46031934022903
-2.1608040332794 4.4159021377563 0.4564620256424
-4.7138123512268 -0.21356894075871 0.0091129671782255
0.062745779752731 -3.5989565849304 -0.33111366629601
3.0128118991852 0.841577231884 0.069740697741508
1.3095270395279 -2.5191235542297 -0.12866020202637
4.570264339447 2.7805511951447 0.29125863313675
-1.9865263700485 4.431604385376 0.45533794164658
-1.5037549734116 -4.9196033477783 -0.47513809800148
-1.3178074359894 -0.50156909227371 0.021655797958374
3.6360642910004 2.9734709262848 0.36729392409325
-2.4440143108368 1.8351528644562 0.27746742963791
-1.6850439310074 -2.6923077106476 -0.13365241885185
4.7111763954163 3.6633563041687 0.47573083639145
4.1092529296875 3.5669989585876 0.47792452573776
-1.7792679071426 4.2465009689331 0.45627054572105
4.517650604248 0.67794644832611 0.054816752672195
0.2423497736454 4.7694149017334 0.44925370812416
-0.6850271821022 -1.9410223960876 -0.082436010241508
2.6923079490662 -3.5901939868927 -0.34779337048531
2.6753249168396 -4.5255932807922 -0.47103613615036
-1.8142437934875 1.2649585008621 0.17437535524368
4.3227381706238 4.1104383468628 0.48273402452469
3.0013380050659 4.9747800827026 0.47077059745789
0.97466248273849 -4.6550359725952 -0.45538312196732
-0.87951296567917 0.9400542974472 0.11960400640965
-0.3686172068119 -1.8867565393448 -0.080061718821526
-3.7782731056213 -1.1698298454285 0.023584250360727
4.7552118301392 0.22731630504131 -0.0027504861354828
4.6081280708313 -3.324835062027 -0.29421782493591
0.21529823541641 -0.45324203372002 0.0091393291950226
-4.1180086135864 -1.2179012298584 0.028596788644791
4.4193692207336 -4.7389140129089 -0.47869980335236
3.8326742649078 2.9487183094025 0.359375
-4.8079295158386 -3.4615387916565 -0.32227283716202
3.1046595573425 2.8330106735229 0.31677204370499
-4.6667613983154 -0.38461524248123 0.01171875
-3.1343739032745 -4.7012619972229 -0.4706846177578
-2.5763802528381 -2.694794178009 -0.16951248049736
4.2883329391479 -3.7205400466919 -0.39970430731773
-0.67028933763504 -1.3630850315094 -0.02779695391655
2.9099316596985 3.4355471134186 0.4439235329628
1.272096991539 -2.0643818378448 -0.093302994966507
4.6687021255493 1.4494807720184 0.20156469941139
1.1944578886032 -2.6199781894684 -0.15192353725433
3.9707789421082 2.5126392841339 0.27437135577202
2.8877503871918 3.7789175510406 0.44643232226372
-0.95873862504959 3.1183753013611 0.40286177396774
-3.3930866718292 3.6100218296051 0.46319949626923
3.4014563560486 3.0386555194855 0.38723257184029
-0.26309075951576 3.05002617836 0.39673244953156
1.0382409095764 0.12429351359606 0.013863809406757
-1.1294659376144 2.6923079490662 0.27660092711449
1.9986654520035 -0.25470617413521 0.011794462800026
-3.2585537433624 3.9485795497894 0.46256527304649
0.32020941376686 2.1497797966003 0.27598601579666
-1.5028342008591 4.4460344314575 0.46842515468597
1.3530341386795 -2.2779352664948 -0.095808014273643
1.5472973585129 1.8858419656754 0.26016944646835
0.38795349001884 3.5124266147614 0.46417027711868
-1.4115589857101 2.7718021869659 0.30072599649429
-4.4182071685791 0.49928045272827 0.070821672677994
0.84060347080231 1.8422067165375 0.25173163414001
2.1834256649017 -2.0123994350433 -0.092569224536419
3.6825683116913 -1.5081795454025 0.0029962360858917
-1.341238617897 -2.8717107772827 -0.19840668141842
-0.69524145126343 -2.7193706035614 -0.15750776231289
0.27584248781204 -3.1917734146118 -0.23603208363056
-4.0232882499695 3.0672965049744 0.36741515994072
-5 -2.6774055957794 -0.15307165682316
-0.73959267139435 3.7137973308563 0.48281013965607
-0.087817668914795 4.5425696372986 0.46498787403107
2.8245322704315 -0.8454298377037 0.012633442878723
-0.44305816292763 -2.6864204406738 -0.15321366488934
0.8133293390274 4.5509386062622 0.45868483185768
-3.125198841095 -4.6598062515259 -0.47257918119431
1.7976440191269 4.8690237998962 0.45486697554588
4.565906047821 3.7006630897522 0.47629913687706
-2.8710927963257 -3.6666333675385 -0.37929677963257
3.8631327152252 4.1943593025208 0.47432044148445
-2.5637001991272 -2.160635471344 -0.083966046571732
-1.7501361370087 -4.5180974006653 -0.4675697684288
-0.78462266921997 -4.3846282958984 -0.46968796849251
-1.3607695102692 -1.1922481060028 0.0062845945358276
0.2630558013916 4.6031088829041 0.45329657196999
-4.1767687797546 4.0391125679016 0.48585653305054
1.7593194246292 -3.4320061206818 -0.27380633354187
-3.639306306839 -2.5422134399414 -0.14496701955795
2.232786655426 -0.070382632315159 -0.010317385196686
-2.4443173408508 2.1789085865021 0.27734377980232
-3.3207623958588 4.4463768005371 0.47255298495293
2.0007412433624 -1.4139890670776 -0.052533105015755
-2.2472989559174 -2.5845036506653 -0.12812030315399
4.7091693878174 3.6232938766479 0.47512051463127
-3.058598279953 -1.8865053653717 -0.094310864806175
2.8897135257721 -1.8640719652176 -0.067027546465397
4.7506971359253 4.8004584312439 0.47461318969727
-3.6778953075409 -2.5473535060883 -0.14547546207905
-3.7301354408264 -0.59101921319962 0.018955066800117
-4.7145981788635 -4.2597613334656 -0.48216664791107
4.5261073112488 0.073931492865086 0.0073278099298477
0.35722672939301 -3.1293914318085 -0.23626533150673
-1.4102561473846 2.3484444618225 0.265625
-4.402702331543 2.7310922145844 0.30529761314392
0.51132899522781 -3.1590518951416 -0.23577891290188
-4.1691980361938 3.8910698890686 0.48216807842255
3.9159805774689 0.89587551355362 0.10740604251623
-1.3670517206192 -1.6666665077209 -0.0703125
1.6514958143234 2.7325282096863 0.30844575166702
-2.5825653076172 -4.201810836792 -0.48550006747246
0.0032535523641855 2.4528837203979 0.27508926391602
1.4944915771484 -2.3537559509277 -0.1005834788084
-4.5654988288879 -0.70206367969513 0.012648642063141
2.1348528862 4.0301012992859 0.44768956303596
-2.0202679634094 4.7376432418823 0.46466252207756
0.19521808624268 -3.6445918083191 -0.34167698025703
-0.77532291412354 -2.5737073421478 -0.12314221262932
-1.8172798156738 1.3284561634064 0.18995034694672
-2.6487798690796 2.6742355823517 0.30045557022095
2.6173276901245 3.5365190505981 0.44807648658752
-1.4915908575058 1.444610118866 0.2176907658577
-3.8073837757111 -4.5933904647827 -0.47450765967369
1.2054005861282 -2.6818447113037 -0.16495183110237
3.3938984870911 2.6712934970856 0.28859677910805
-1.7863315343857 0.0083817103877664 0.01926863193512
1.5347144603729 1.4694949388504 0.19482409954071
-1.4262946844101 -2.3599517345428 -0.078804612159729
1.4875775575638 -4.3826031684875 -0.46441072225571
-1.5818837881088 2.5964143276215 0.28341969847679
3.4449107646942 2.4525258541107 0.2775970697403
-1.7995586395264 -2.8029930591583 -0.17598295211792
1.0972270965576 -4.8589968681335 -0.44080126285553
-4.6448755264282 3.1221151351929 0.40793451666832
3.6081445217133 -2.9487180709839 -0.26785844564438
-3.2838497161865 -4.0969338417053 -0.48912087082863
3.8265323638916 2.2960157394409 0.27403536438942
-1.3786981105804 2.6923079490662 0.28076922893524
1.0931808948517 -4.1253914833069 -0.468521296978
4.9397764205933 -0.26996347308159 -0.0097955036908388
0.96197855472565 -2.7018668651581 -0.17088128626347
-0.82321619987488 2.2249336242676 0.26996958255768
0.58771467208862 -3.0891644954681 -0.2388628423214
2.6009182929993 -4.1078023910522 -0.48083883523941
-0.25516331195831 -4.9701175689697 -0.47807937860489
-0.34838816523552 2.7331650257111 0.28529119491577
1.4411116838455 0.50243020057678 0.033889904618263
1.4652670621872 -0.93817490339279 -0.0090221464633942
-1.7661026716232 -4.8925914764404 -0.46811175346375
0.73658037185669 -1.7958250045776 -0.093808084726334
-3.2219431400299 4.0267934799194 0.46144986152649
-1.6621172428131 -2.0440800189972 -0.078275129199028
-1.0484222173691 -3.3406522274017 -0.26465025544167
-2.6291353702545 3.3766798973083 0.45934227108955
-2.5504353046417 2.0354082584381 0.27737733721733
-2.616662979126 1.9695357084274 0.2793897986412
-2.5212032794952 -0.8166760802269 0.010419130325317
4.0288271903992 2.6968262195587 0.28563416004181
4.6619668006897 2.2268626689911 0.26880952715874
0.84248453378677 3.0036697387695 0.37639757990837
0.59674692153931 2.0466225147247 0.26601561903954
-4.5142431259155 1.4135934114456 0.20722338557243
-2.1625473499298 -2.3638010025024 -0.090291999280453
0.7233025431633 3.5718946456909 0.47180074453354
-0.52269297838211 2.9487183094025 0.31399980187416
-0.88705027103424 -1.018372297287 0.017815349623561
-1.4028120040894 0.5653589963913 0.062691330909729
-1.1890878677368 2.3694636821747 0.26427978277206
-1.3339983224869 2.2732031345367 0.26678675413132
0.048920601606369 1.8157675266266 0.27464538812637
3.0576283931732 -1.3856860399246 0.0056171119213104
-0.38522040843964 -2.642608165741 -0.14637953042984
3.8401343822479 4.8330869674683 0.46911680698395
0.067760027945042 4.6062231063843 0.45823121070862
2.7765557765961 -2.050329208374 -0.093206614255905
4.5510001182556 -3.2051284313202 -0.28223949670792
3.1489632129669 -3.7295455932617 -0.39168384671211
2.4635381698608 1.7234263420105 0.26648968458176
